1 0 0 179
1 0 0 24
1 0 0 26
1 0 0 7
1 0 0 46
1 0 0 97
1 0 0 8
1 0 0 9
1 0 0 10
1 0 0 52
1 0 0 373
1 0 0 854
1 0 0 180
1 0 0 25
1 0 0 32
1 0 0 47
1 0 0 137
1 0 0 190
1 0 0 870
1 0 0 51
1 0 0 61
1 0 0 90
1 0 0 457
1 0 0 492
1 0 0 853
1 0 0 871
1 0 0 874
1 0 0 875
1 0 0 481
2 0 0 7
2 0 0 10
2 0 0 179
2 0 0 853
2 0 0 46
2 0 0 97
2 0 0 197
2 0 0 9
2 0 0 47
2 0 0 375
2 0 0 741
2 0 0 854
2 0 0 943
2 0 0 280
2 0 0 385
2 0 0 386
2 0 0 437
2 0 0 492
2 0 0 638
2 0 0 851
2 0 0 852
2 0 0 872
2 0 0 859
2 0 0 653
2 0 0 481
3 0 0 0
3 0 0 1
3 0 0 85
3 0 0 86
3 0 0 114
3 0 0 139
3 0 0 176
3 0 0 394
3 0 0 480
4 0 0 231
4 0 0 161
4 0 0 483
5 0 0 547
5 0 0 396
5 0 0 1292
5 0 0 1291
5 0 0 483
6 0 0 94
6 0 0 110
6 0 0 252
6 0 0 253
6 0 0 486
7 0 0 15
7 0 0 51
7 0 0 52
7 0 0 53
7 0 0 14
7 0 0 487
8 0 0 43
8 0 0 117
8 0 0 15
8 0 0 53
8 0 0 191
8 0 0 349
8 0 0 355
8 0 0 192
8 0 0 994
8 0 0 1107
8 0 0 1000
8 0 0 487
9 0 0 16
9 0 0 17
9 0 0 545
9 0 0 529
10 0 0 254
10 0 0 400
10 0 0 297
10 0 0 431
10 0 0 432
10 0 0 433
10 0 0 993
10 0 0 1006
10 0 0 488
11 0 0 22
11 0 0 23
11 0 0 257
11 0 0 155
11 0 0 15
11 0 0 258
11 0 0 649
11 0 0 490
12 0 0 81
12 0 0 189
12 0 0 645
12 0 0 644
12 0 0 647
12 0 0 619
13 0 0 59
13 0 0 260
13 0 0 60
13 0 0 306
13 0 0 491
14 0 0 59
14 0 0 60
14 0 0 491
15 0 0 458
15 0 0 457
15 0 0 492
16 0 0 261
16 0 0 101
16 0 0 191
16 0 0 493
17 0 0 101
17 0 0 191
17 0 0 493
18 0 0 191
18 0 0 192
18 0 0 193
18 0 0 493
19 0 0 27
19 0 0 62
19 0 0 159
19 0 0 634
19 0 0 710
19 0 0 711
19 0 0 714
19 0 0 1374
19 0 0 712
19 0 0 494
20 0 0 82
20 0 0 83
20 0 0 99
20 0 0 262
20 0 0 263
20 0 0 264
20 0 0 265
20 0 0 402
20 0 0 403
20 0 0 495
21 0 0 266
21 0 0 11
21 0 0 408
21 0 0 409
21 0 0 497
22 0 0 63
22 0 0 497
23 0 0 895
23 0 0 897
23 0 0 195
23 0 0 196
23 0 0 596
23 0 0 894
23 0 0 898
23 0 0 588
23 0 0 194
23 0 0 589
23 0 0 896
23 0 0 539
23 0 0 592
23 0 0 744
23 0 0 912
23 0 0 914
23 0 0 1328
23 0 0 629
23 0 0 682
23 0 0 693
23 0 0 1285
23 0 0 695
23 0 0 699
23 0 0 700
23 0 0 1104
23 0 0 1107
23 0 0 1136
23 0 0 1192
23 0 0 1251
23 0 0 1254
23 0 0 1267
23 0 0 1284
23 0 0 887
24 0 0 41
24 0 0 42
24 0 0 87
24 0 0 751
25 0 0 208
25 0 0 207
25 0 0 209
25 0 0 210
25 0 0 211
25 0 0 271
25 0 0 272
25 0 0 421
25 0 0 422
25 0 0 506
26 0 0 140
26 0 0 606
26 0 0 371
26 0 0 401
26 0 0 560
26 0 0 1071
26 0 0 506
27 0 0 219
27 0 0 273
27 0 0 423
27 0 0 507
28 0 0 219
28 0 0 274
28 0 0 507
29 0 0 245
29 0 0 509
29 0 0 604
29 0 0 220
29 0 0 788
29 0 0 459
29 0 0 460
29 0 0 607
29 0 0 461
29 0 0 508
30 0 0 220
30 0 0 459
30 0 0 509
30 0 0 461
30 0 0 604
30 0 0 607
30 0 0 788
30 0 0 508
31 0 0 771
31 0 0 746
32 0 0 460
32 0 0 244
32 0 0 772
32 0 0 773
32 0 0 242
32 0 0 245
32 0 0 747
33 0 0 247
33 0 0 426
33 0 0 136
33 0 0 511
34 0 0 247
34 0 0 426
34 0 0 667
34 0 0 709
34 0 0 794
34 0 0 795
34 0 0 511
35 0 0 161
35 0 0 162
35 0 0 127
35 0 0 512
36 0 0 164
36 0 0 163
36 0 0 513
37 0 0 168
37 0 0 183
37 0 0 167
37 0 0 92
37 0 0 116
37 0 0 182
37 0 0 237
37 0 0 404
37 0 0 482
37 0 0 514
38 0 0 19
38 0 0 278
38 0 0 547
38 0 0 267
38 0 0 552
38 0 0 553
38 0 0 548
38 0 0 549
38 0 0 550
38 0 0 551
38 0 0 531
39 0 0 267
39 0 0 550
39 0 0 19
39 0 0 278
39 0 0 547
39 0 0 74
39 0 0 202
39 0 0 413
39 0 0 552
39 0 0 549
39 0 0 551
39 0 0 500
39 0 0 1252
39 0 0 531
40 0 0 19
40 0 0 278
40 0 0 547
40 0 0 267
40 0 0 80
40 0 0 971
40 0 0 552
40 0 0 553
40 0 0 548
40 0 0 549
40 0 0 550
40 0 0 551
40 0 0 531
41 0 0 283
41 0 0 284
41 0 0 428
41 0 0 515
42 0 0 463
42 0 0 462
42 0 0 464
42 0 0 465
42 0 0 770
42 0 0 516
43 0 0 462
43 0 0 463
43 0 0 34
43 0 0 498
43 0 0 770
43 0 0 464
43 0 0 516
44 0 0 297
44 0 0 431
44 0 0 432
44 0 0 519
45 0 0 300
45 0 0 565
45 0 0 303
45 0 0 476
45 0 0 333
45 0 0 1221
45 0 0 1350
45 0 0 1180
45 0 0 624
45 0 0 658
45 0 0 793
45 0 0 567
45 0 0 520
46 0 0 300
46 0 0 333
46 0 0 339
46 0 0 476
46 0 0 79
46 0 0 118
46 0 0 1180
46 0 0 618
46 0 0 565
46 0 0 793
46 0 0 1221
46 0 0 624
46 0 0 658
46 0 0 567
46 0 0 1350
46 0 0 520
47 0 0 299
47 0 0 301
47 0 0 302
47 0 0 300
47 0 0 624
47 0 0 658
47 0 0 303
47 0 0 304
47 0 0 305
47 0 0 565
47 0 0 793
47 0 0 1180
47 0 0 1350
47 0 0 567
47 0 0 520
48 0 0 434
48 0 0 306
48 0 0 311
48 0 0 435
48 0 0 182
48 0 0 309
48 0 0 310
48 0 0 792
48 0 0 793
48 0 0 789
48 0 0 260
48 0 0 521
49 0 0 315
49 0 0 473
49 0 0 522
50 0 0 321
50 0 0 624
50 0 0 16
50 0 0 89
50 0 0 17
50 0 0 301
50 0 0 523
51 0 0 89
51 0 0 18
51 0 0 100
51 0 0 376
51 0 0 187
51 0 0 321
51 0 0 58
51 0 0 489
51 0 0 624
51 0 0 256
51 0 0 523
52 0 0 16
52 0 0 17
52 0 0 301
52 0 0 321
52 0 0 523
53 0 0 291
53 0 0 28
53 0 0 441
53 0 0 442
53 0 0 443
53 0 0 444
53 0 0 203
53 0 0 292
53 0 0 293
53 0 0 294
53 0 0 526
54 0 0 79
54 0 0 19
54 0 0 96
54 0 0 289
54 0 0 623
54 0 0 656
54 0 0 359
54 0 0 360
54 0 0 555
54 0 0 118
55 0 0 11
55 0 0 370
55 0 0 455
55 0 0 373
55 0 0 250
55 0 0 266
55 0 0 371
55 0 0 372
55 0 0 557
55 0 0 497
55 0 0 533
56 0 0 375
56 0 0 744
56 0 0 1334
56 0 0 9
56 0 0 700
56 0 0 774
56 0 0 775
56 0 0 374
56 0 0 638
56 0 0 681
56 0 0 748
57 0 0 375
57 0 0 588
57 0 0 741
57 0 0 909
57 0 0 9
57 0 0 374
57 0 0 700
57 0 0 774
57 0 0 775
57 0 0 699
57 0 0 7
57 0 0 10
57 0 0 852
57 0 0 854
57 0 0 748
58 0 0 783
58 0 0 780
58 0 0 781
58 0 0 782
58 0 0 18
58 0 0 376
58 0 0 377
58 0 0 779
58 0 0 784
58 0 0 749
59 0 0 783
59 0 0 780
59 0 0 781
59 0 0 782
59 0 0 749
60 0 0 470
60 0 0 471
60 0 0 522
60 0 0 315
60 0 0 473
60 0 0 317
61 0 0 560
61 0 0 561
61 0 0 559
61 0 0 1154
61 0 0 656
61 0 0 534
62 0 0 561
62 0 0 562
62 0 0 1079
62 0 0 1073
62 0 0 1076
62 0 0 534
63 0 0 562
63 0 0 559
63 0 0 561
63 0 0 534
64 0 0 385
64 0 0 386
64 0 0 622
65 0 0 3
65 0 0 2
65 0 0 123
65 0 0 175
65 0 0 318
65 0 0 319
65 0 0 413
65 0 0 659
65 0 0 624
65 0 0 388
65 0 0 389
65 0 0 654
65 0 0 1
65 0 0 379
65 0 0 1297
65 0 0 383
66 0 0 659
66 0 0 624
66 0 0 175
66 0 0 654
66 0 0 655
66 0 0 383
67 0 0 3
67 0 0 2
67 0 0 659
67 0 0 624
67 0 0 318
67 0 0 319
67 0 0 388
67 0 0 123
67 0 0 175
67 0 0 389
67 0 0 654
67 0 0 384
67 0 0 1
67 0 0 1297
67 0 0 383
68 0 0 657
68 0 0 96
68 0 0 455
68 0 0 656
68 0 0 57
68 0 0 623
69 0 0 453
69 0 0 565
69 0 0 972
69 0 0 57
69 0 0 331
69 0 0 535
70 0 0 328
70 0 0 563
70 0 0 565
70 0 0 57
70 0 0 96
70 0 0 278
70 0 0 560
70 0 0 19
70 0 0 972
70 0 0 302
70 0 0 535
71 0 0 564
71 0 0 566
71 0 0 1350
71 0 0 96
71 0 0 650
71 0 0 1208
71 0 0 793
71 0 0 567
71 0 0 535
72 0 0 16
72 0 0 319
72 0 0 625
72 0 0 89
72 0 0 659
72 0 0 299
72 0 0 123
72 0 0 318
72 0 0 658
72 0 0 565
72 0 0 489
72 0 0 300
72 0 0 304
72 0 0 566
72 0 0 650
72 0 0 383
72 0 0 57
72 0 0 624
73 0 0 327
73 0 0 567
73 0 0 573
73 0 0 568
73 0 0 569
73 0 0 416
73 0 0 20
73 0 0 312
73 0 0 572
73 0 0 396
73 0 0 620
73 0 0 155
73 0 0 1208
73 0 0 1299
73 0 0 1193
73 0 0 650
73 0 0 1350
73 0 0 63
73 0 0 566
73 0 0 1247
73 0 0 536
74 0 0 571
74 0 0 651
74 0 0 570
74 0 0 312
74 0 0 569
74 0 0 573
74 0 0 536
75 0 0 662
75 0 0 319
75 0 0 373
75 0 0 661
75 0 0 665
75 0 0 625
76 0 0 373
76 0 0 662
76 0 0 319
76 0 0 661
76 0 0 665
76 0 0 1386
76 0 0 324
76 0 0 625
77 0 0 663
77 0 0 661
77 0 0 662
77 0 0 665
77 0 0 324
77 0 0 1386
77 0 0 625
78 0 0 583
78 0 0 584
78 0 0 585
78 0 0 538
79 0 0 592
79 0 0 593
79 0 0 683
79 0 0 703
79 0 0 708
79 0 0 539
80 0 0 589
80 0 0 592
80 0 0 591
80 0 0 593
80 0 0 539
81 0 0 667
81 0 0 794
81 0 0 626
82 0 0 671
82 0 0 672
82 0 0 673
82 0 0 674
82 0 0 200
82 0 0 627
83 0 0 675
83 0 0 676
83 0 0 677
83 0 0 678
83 0 0 628
84 0 0 601
84 0 0 401
84 0 0 603
84 0 0 137
84 0 0 289
84 0 0 349
84 0 0 517
84 0 0 957
84 0 0 1187
84 0 0 1208
84 0 0 868
84 0 0 541
85 0 0 603
85 0 0 401
85 0 0 601
85 0 0 705
85 0 0 541
86 0 0 589
86 0 0 785
86 0 0 750
87 0 0 601
87 0 0 606
87 0 0 557
87 0 0 45
87 0 0 231
87 0 0 604
87 0 0 607
87 0 0 401
87 0 0 542
88 0 0 608
88 0 0 609
88 0 0 610
88 0 0 611
88 0 0 612
88 0 0 613
88 0 0 543
89 0 0 788
89 0 0 789
89 0 0 792
89 0 0 790
89 0 0 791
89 0 0 415
89 0 0 752
90 0 0 789
90 0 0 792
90 0 0 793
90 0 0 788
90 0 0 791
90 0 0 286
90 0 0 795
90 0 0 1182
90 0 0 251
90 0 0 306
90 0 0 330
90 0 0 1359
90 0 0 1362
90 0 0 752
91 0 0 247
91 0 0 796
91 0 0 792
91 0 0 794
91 0 0 795
91 0 0 788
91 0 0 789
91 0 0 1149
91 0 0 667
91 0 0 752
92 0 0 797
92 0 0 798
92 0 0 803
92 0 0 804
92 0 0 806
92 0 0 799
92 0 0 800
92 0 0 801
92 0 0 248
92 0 0 1242
92 0 0 802
92 0 0 805
92 0 0 1238
92 0 0 753
93 0 0 686
93 0 0 630
94 0 0 19
94 0 0 278
94 0 0 289
94 0 0 554
94 0 0 684
94 0 0 685
94 0 0 96
94 0 0 1388
94 0 0 349
94 0 0 1099
94 0 0 1156
94 0 0 1390
94 0 0 630
95 0 0 278
95 0 0 657
95 0 0 630
96 0 0 698
96 0 0 699
96 0 0 700
96 0 0 693
96 0 0 694
96 0 0 695
96 0 0 1284
96 0 0 774
96 0 0 696
96 0 0 697
96 0 0 701
96 0 0 787
96 0 0 1334
96 0 0 632
97 0 0 694
97 0 0 695
97 0 0 696
97 0 0 693
97 0 0 1284
97 0 0 697
97 0 0 698
97 0 0 774
97 0 0 1334
97 0 0 676
97 0 0 632
98 0 0 708
98 0 0 703
98 0 0 704
98 0 0 706
98 0 0 707
98 0 0 633
99 0 0 712
99 0 0 714
99 0 0 996
99 0 0 1374
99 0 0 634
100 0 0 816
100 0 0 817
100 0 0 819
100 0 0 815
100 0 0 818
100 0 0 820
100 0 0 1117
100 0 0 1046
100 0 0 1116
100 0 0 755
101 0 0 812
101 0 0 813
101 0 0 814
101 0 0 815
101 0 0 820
101 0 0 819
101 0 0 755
102 0 0 723
102 0 0 908
102 0 0 905
102 0 0 906
102 0 0 724
103 0 0 821
103 0 0 823
103 0 0 756
104 0 0 828
104 0 0 829
104 0 0 830
104 0 0 831
104 0 0 832
104 0 0 757
105 0 0 843
105 0 0 839
105 0 0 840
105 0 0 841
105 0 0 842
105 0 0 759
106 0 0 842
106 0 0 841
106 0 0 844
106 0 0 839
106 0 0 840
106 0 0 759
107 0 0 720
107 0 0 723
107 0 0 724
107 0 0 906
107 0 0 715
107 0 0 70
107 0 0 904
107 0 0 635
108 0 0 719
108 0 0 721
108 0 0 722
108 0 0 70
108 0 0 904
108 0 0 715
108 0 0 718
108 0 0 635
109 0 0 855
109 0 0 856
109 0 0 601
109 0 0 975
109 0 0 7
109 0 0 761
110 0 0 857
110 0 0 858
110 0 0 26
110 0 0 1169
110 0 0 761
111 0 0 10
111 0 0 386
111 0 0 859
111 0 0 909
111 0 0 387
111 0 0 622
111 0 0 653
111 0 0 889
112 0 0 726
112 0 0 725
112 0 0 636
113 0 0 741
113 0 0 743
113 0 0 744
113 0 0 260
113 0 0 638
114 0 0 914
114 0 0 911
114 0 0 915
114 0 0 916
114 0 0 890
115 0 0 46
115 0 0 180
115 0 0 873
115 0 0 869
115 0 0 179
116 0 0 917
116 0 0 355
116 0 0 600
116 0 0 922
116 0 0 487
116 0 0 891
117 0 0 355
117 0 0 600
117 0 0 891
118 0 0 918
118 0 0 919
118 0 0 920
118 0 0 891
119 0 0 921
119 0 0 892
120 0 0 824
120 0 0 882
120 0 0 885
120 0 0 880
120 0 0 881
120 0 0 883
120 0 0 884
120 0 0 1141
120 0 0 886
120 0 0 764
121 0 0 880
121 0 0 881
121 0 0 1141
121 0 0 882
121 0 0 883
121 0 0 885
121 0 0 886
121 0 0 764
122 0 0 926
122 0 0 927
122 0 0 929
122 0 0 930
122 0 0 931
122 0 0 932
122 0 0 933
122 0 0 952
122 0 0 1126
122 0 0 893
123 0 0 961
123 0 0 962
123 0 0 936
124 0 0 962
124 0 0 963
124 0 0 959
124 0 0 960
124 0 0 936
125 0 0 964
125 0 0 965
125 0 0 966
125 0 0 182
125 0 0 968
125 0 0 168
125 0 0 969
125 0 0 172
125 0 0 967
125 0 0 169
125 0 0 992
125 0 0 171
125 0 0 404
125 0 0 941
125 0 0 987
125 0 0 989
125 0 0 990
125 0 0 937
126 0 0 969
126 0 0 1321
126 0 0 182
126 0 0 964
126 0 0 965
126 0 0 966
126 0 0 967
126 0 0 968
126 0 0 937
127 0 0 96
127 0 0 159
127 0 0 976
127 0 0 977
127 0 0 978
127 0 0 939
128 0 0 980
128 0 0 985
128 0 0 940
129 0 0 980
129 0 0 982
129 0 0 979
129 0 0 983
129 0 0 984
129 0 0 981
129 0 0 985
129 0 0 940
130 0 0 761
130 0 0 853
130 0 0 854
130 0 0 1003
130 0 0 7
130 0 0 943
131 0 0 1009
131 0 0 1015
131 0 0 1008
131 0 0 1011
131 0 0 1012
131 0 0 1007
131 0 0 1013
131 0 0 1014
131 0 0 945
132 0 0 1009
132 0 0 1008
132 0 0 1010
132 0 0 1011
132 0 0 1007
132 0 0 1013
132 0 0 1014
132 0 0 1012
132 0 0 946
132 0 0 1018
132 0 0 1015
132 0 0 947
132 0 0 1019
132 0 0 1020
132 0 0 1021
132 0 0 945
133 0 0 1015
133 0 0 1013
133 0 0 1014
133 0 0 1019
133 0 0 1007
133 0 0 1011
133 0 0 1017
133 0 0 945
134 0 0 1022
134 0 0 1023
134 0 0 946
135 0 0 1013
135 0 0 1012
135 0 0 1018
135 0 0 1019
135 0 0 1020
135 0 0 1021
135 0 0 945
135 0 0 1011
135 0 0 946
136 0 0 1016
136 0 0 1017
136 0 0 1029
136 0 0 946
137 0 0 1024
137 0 0 1029
137 0 0 946
137 0 0 1016
137 0 0 947
138 0 0 841
138 0 0 1031
138 0 0 948
139 0 0 1026
139 0 0 1027
139 0 0 1030
139 0 0 1032
139 0 0 948
140 0 0 1033
140 0 0 1034
140 0 0 1036
140 0 0 1037
140 0 0 1038
140 0 0 1039
140 0 0 949
141 0 0 1033
141 0 0 1036
141 0 0 1038
141 0 0 1039
141 0 0 1034
141 0 0 1037
141 0 0 949
142 0 0 1037
142 0 0 949
143 0 0 1038
143 0 0 1039
143 0 0 949
144 0 0 835
144 0 0 1040
144 0 0 758
144 0 0 833
144 0 0 834
144 0 0 836
144 0 0 950
145 0 0 758
145 0 0 833
145 0 0 834
145 0 0 1040
145 0 0 738
145 0 0 847
145 0 0 836
145 0 0 950
146 0 0 835
146 0 0 1040
146 0 0 950
147 0 0 884
147 0 0 1041
147 0 0 1043
147 0 0 1042
147 0 0 1044
147 0 0 1046
147 0 0 1045
147 0 0 838
147 0 0 921
147 0 0 817
147 0 0 951
148 0 0 884
148 0 0 1043
148 0 0 1045
148 0 0 1041
148 0 0 1044
148 0 0 838
148 0 0 951
149 0 0 1052
149 0 0 1053
149 0 0 1054
149 0 0 1047
149 0 0 925
149 0 0 926
149 0 0 929
149 0 0 931
149 0 0 932
149 0 0 933
149 0 0 1126
149 0 0 952
150 0 0 1069
150 0 0 1070
150 0 0 1057
151 0 0 682
151 0 0 1071
151 0 0 1069
151 0 0 1070
151 0 0 1072
151 0 0 1057
152 0 0 1071
152 0 0 1072
152 0 0 564
152 0 0 567
152 0 0 682
152 0 0 650
152 0 0 1057
153 0 0 1073
153 0 0 1078
153 0 0 1079
153 0 0 1075
153 0 0 1076
153 0 0 1077
153 0 0 1080
153 0 0 1058
154 0 0 1082
154 0 0 1083
154 0 0 1058
155 0 0 1098
155 0 0 1095
155 0 0 978
155 0 0 1096
155 0 0 1099
155 0 0 1094
155 0 0 1060
156 0 0 978
156 0 0 1097
156 0 0 1092
156 0 0 1095
156 0 0 269
156 0 0 1091
156 0 0 1093
156 0 0 1094
156 0 0 1098
156 0 0 977
156 0 0 1099
156 0 0 548
156 0 0 1096
156 0 0 77
156 0 0 1060
157 0 0 268
157 0 0 1100
157 0 0 1101
157 0 0 88
157 0 0 156
157 0 0 297
157 0 0 117
157 0 0 661
157 0 0 1102
157 0 0 551
157 0 0 20
157 0 0 1006
157 0 0 14
157 0 0 30
157 0 0 1350
157 0 0 367
157 0 0 405
157 0 0 451
157 0 0 31
157 0 0 39
157 0 0 210
157 0 0 621
157 0 0 1146
157 0 0 349
157 0 0 364
157 0 0 365
157 0 0 416
157 0 0 552
157 0 0 600
157 0 0 650
157 0 0 652
157 0 0 684
157 0 0 1302
157 0 0 313
157 0 0 418
157 0 0 1299
157 0 0 155
157 0 0 477
157 0 0 567
157 0 0 1001
158 0 0 297
158 0 0 1006
158 0 0 547
158 0 0 993
158 0 0 1004
158 0 0 1005
158 0 0 268
158 0 0 551
158 0 0 1001
159 0 0 229
159 0 0 1103
159 0 0 1105
159 0 0 1109
159 0 0 1110
159 0 0 1106
159 0 0 1107
159 0 0 226
159 0 0 1061
160 0 0 1129
160 0 0 1132
160 0 0 1133
160 0 0 1130
160 0 0 1131
160 0 0 1066
161 0 0 49
161 0 0 1381
161 0 0 557
161 0 0 331
161 0 0 50
161 0 0 991
161 0 0 484
162 0 0 106
162 0 0 150
162 0 0 455
162 0 0 456
162 0 0 49
162 0 0 557
162 0 0 453
162 0 0 454
162 0 0 484
163 0 0 15
163 0 0 51
163 0 0 52
163 0 0 487
164 0 0 306
164 0 0 410
164 0 0 411
164 0 0 793
164 0 0 311
164 0 0 330
164 0 0 1359
164 0 0 1362
164 0 0 498
165 0 0 66
165 0 0 67
165 0 0 499
166 0 0 35
166 0 0 36
166 0 0 69
166 0 0 202
166 0 0 267
166 0 0 413
166 0 0 165
166 0 0 1259
166 0 0 499
167 0 0 269
167 0 0 77
167 0 0 504
168 0 0 212
168 0 0 769
168 0 0 745
169 0 0 113
169 0 0 152
169 0 0 769
169 0 0 770
169 0 0 745
170 0 0 134
170 0 0 233
170 0 0 234
170 0 0 899
170 0 0 901
170 0 0 667
170 0 0 888
171 0 0 247
171 0 0 426
171 0 0 136
171 0 0 511
172 0 0 315
172 0 0 316
172 0 0 317
172 0 0 471
172 0 0 522
173 0 0 362
173 0 0 446
173 0 0 527
174 0 0 53
174 0 0 406
174 0 0 31
174 0 0 418
174 0 0 477
174 0 0 528
175 0 0 346
175 0 0 961
175 0 0 962
175 0 0 959
175 0 0 960
175 0 0 936
176 0 0 577
176 0 0 578
176 0 0 579
176 0 0 580
176 0 0 973
176 0 0 581
176 0 0 977
176 0 0 537
177 0 0 583
177 0 0 584
177 0 0 587
177 0 0 767
177 0 0 585
177 0 0 538
178 0 0 586
178 0 0 585
178 0 0 583
178 0 0 584
178 0 0 538
179 0 0 675
179 0 0 676
179 0 0 677
179 0 0 678
179 0 0 628
180 0 0 617
180 0 0 614
180 0 0 615
180 0 0 616
180 0 0 612
180 0 0 611
180 0 0 1145
180 0 0 543
181 0 0 968
181 0 0 969
181 0 0 404
181 0 0 992
181 0 0 1056
181 0 0 937
182 0 0 680
182 0 0 681
182 0 0 629
183 0 0 798
183 0 0 803
183 0 0 797
183 0 0 802
183 0 0 806
183 0 0 248
183 0 0 799
183 0 0 800
183 0 0 801
183 0 0 804
183 0 0 805
183 0 0 1238
183 0 0 1242
183 0 0 753
184 0 0 27
184 0 0 62
184 0 0 710
184 0 0 712
184 0 0 711
184 0 0 494
184 0 0 1374
184 0 0 634
185 0 0 853
185 0 0 854
185 0 0 852
185 0 0 1003
185 0 0 851
185 0 0 10
185 0 0 280
185 0 0 889
185 0 0 761
185 0 0 943
186 0 0 1304
186 0 0 1373
186 0 0 918
186 0 0 156
186 0 0 416
186 0 0 1372
186 0 0 919
186 0 0 1057
186 0 0 1069
186 0 0 1374
186 0 0 1375
186 0 0 1070
186 0 0 220
186 0 0 1275
186 0 0 1300
186 0 0 1299
186 0 0 1183
187 0 0 833
187 0 0 834
187 0 0 835
187 0 0 738
187 0 0 837
187 0 0 1040
187 0 0 758
188 0 0 716
188 0 0 717
188 0 0 718
188 0 0 70
188 0 0 904
188 0 0 719
188 0 0 721
188 0 0 720
188 0 0 723
188 0 0 724
188 0 0 906
188 0 0 635
189 0 0 390
189 0 0 861
189 0 0 864
189 0 0 860
189 0 0 863
189 0 0 865
189 0 0 862
189 0 0 867
189 0 0 868
189 0 0 762
190 0 0 10
190 0 0 386
190 0 0 280
190 0 0 385
190 0 0 859
190 0 0 889
191 0 0 909
191 0 0 910
191 0 0 280
191 0 0 852
191 0 0 853
191 0 0 10
191 0 0 386
191 0 0 851
191 0 0 385
191 0 0 1003
191 0 0 943
191 0 0 859
191 0 0 653
191 0 0 889
192 0 0 728
192 0 0 729
192 0 0 730
192 0 0 731
192 0 0 636
193 0 0 725
193 0 0 417
193 0 0 643
193 0 0 726
193 0 0 728
193 0 0 729
193 0 0 1387
193 0 0 730
193 0 0 731
193 0 0 636
194 0 0 734
194 0 0 735
194 0 0 737
194 0 0 739
194 0 0 736
194 0 0 738
194 0 0 637
195 0 0 734
195 0 0 737
195 0 0 738
195 0 0 637
196 0 0 46
196 0 0 180
196 0 0 869
196 0 0 873
196 0 0 874
196 0 0 875
196 0 0 7
196 0 0 870
196 0 0 871
196 0 0 197
196 0 0 741
196 0 0 8
196 0 0 179
197 0 0 876
197 0 0 878
197 0 0 879
197 0 0 763
198 0 0 882
198 0 0 883
198 0 0 884
198 0 0 838
198 0 0 764
199 0 0 1047
199 0 0 1048
199 0 0 1049
199 0 0 1050
199 0 0 1051
199 0 0 1055
199 0 0 738
199 0 0 739
199 0 0 952
200 0 0 1129
200 0 0 1132
200 0 0 1133
200 0 0 1066
201 0 0 547
201 0 0 620
201 0 0 1291
201 0 0 88
201 0 0 1146
201 0 0 396
201 0 0 105
201 0 0 1386
201 0 0 418
201 0 0 536
201 0 0 1290
201 0 0 313
201 0 0 1299
201 0 0 155
201 0 0 364
201 0 0 477
201 0 0 1135
202 0 0 1298
202 0 0 1299
202 0 0 1304
202 0 0 1301
202 0 0 1303
202 0 0 600
202 0 0 597
202 0 0 598
202 0 0 599
202 0 0 1105
202 0 0 1300
202 0 0 1305
202 0 0 43
202 0 0 227
202 0 0 1280
203 0 0 53
203 0 0 1300
203 0 0 1301
203 0 0 597
203 0 0 598
203 0 0 599
203 0 0 1302
203 0 0 1305
203 0 0 14
203 0 0 227
203 0 0 318
203 0 0 683
203 0 0 117
203 0 0 1183
203 0 0 1280
204 0 0 567
204 0 0 1306
204 0 0 58
204 0 0 535
204 0 0 597
204 0 0 598
204 0 0 599
204 0 0 1300
204 0 0 1183
204 0 0 302
204 0 0 1208
204 0 0 650
204 0 0 1350
204 0 0 63
204 0 0 1280
205 0 0 1316
205 0 0 1317
205 0 0 1282
206 0 0 1333
206 0 0 1336
206 0 0 1335
206 0 0 1285
207 0 0 1333
207 0 0 1334
207 0 0 1335
207 0 0 1336
207 0 0 874
207 0 0 1285
208 0 0 158
208 0 0 1339
208 0 0 1340
208 0 0 159
208 0 0 1342
208 0 0 1341
208 0 0 1286
209 0 0 1346
209 0 0 1351
209 0 0 1345
209 0 0 182
209 0 0 482
209 0 0 40
209 0 0 50
209 0 0 311
209 0 0 1378
209 0 0 1380
209 0 0 1101
209 0 0 1223
209 0 0 1287
210 0 0 1166
210 0 0 886
210 0 0 1167
210 0 0 1168
210 0 0 1025
210 0 0 1169
210 0 0 1140
211 0 0 886
211 0 0 1167
211 0 0 1168
211 0 0 1169
211 0 0 758
211 0 0 764
211 0 0 1025
211 0 0 1026
211 0 0 1028
211 0 0 1047
211 0 0 1063
211 0 0 1140
212 0 0 883
212 0 0 884
212 0 0 1173
212 0 0 880
212 0 0 882
212 0 0 881
212 0 0 836
212 0 0 1171
212 0 0 1172
212 0 0 885
212 0 0 764
212 0 0 886
212 0 0 1168
212 0 0 838
212 0 0 1141
213 0 0 883
213 0 0 880
213 0 0 882
213 0 0 884
213 0 0 1173
213 0 0 764
213 0 0 1168
213 0 0 1172
213 0 0 881
213 0 0 885
213 0 0 838
213 0 0 1141
214 0 0 828
214 0 0 1356
214 0 0 1357
214 0 0 1358
214 0 0 1289
215 0 0 32
215 0 0 30
215 0 0 530
216 0 0 151
216 0 0 501
217 0 0 661
217 0 0 662
217 0 0 1253
217 0 0 1389
217 0 0 663
217 0 0 665
217 0 0 1199
217 0 0 1386
217 0 0 1390
217 0 0 1295
217 0 0 32
217 0 0 554
217 0 0 625
217 0 0 1102
217 0 0 1208
217 0 0 1186
218 0 0 19
218 0 0 96
218 0 0 661
218 0 0 662
218 0 0 88
218 0 0 1253
218 0 0 1388
218 0 0 554
218 0 0 625
218 0 0 657
218 0 0 1099
218 0 0 1102
218 0 0 1199
218 0 0 1208
218 0 0 1295
218 0 0 1186
219 0 0 1386
219 0 0 661
219 0 0 662
219 0 0 1253
219 0 0 1073
219 0 0 1075
219 0 0 1076
219 0 0 1389
219 0 0 1390
219 0 0 1209
219 0 0 1193
219 0 0 1199
219 0 0 1295
219 0 0 554
219 0 0 625
219 0 0 657
219 0 0 1102
219 0 0 1208
219 0 0 1186
220 0 0 1378
220 0 0 1380
220 0 0 150
220 0 0 236
220 0 0 1377
220 0 0 1365
220 0 0 1381
220 0 0 106
220 0 0 1379
220 0 0 145
220 0 0 287
220 0 0 453
220 0 0 474
220 0 0 972
220 0 0 371
220 0 0 454
220 0 0 1360
220 0 0 57
220 0 0 1361
220 0 0 1177
221 0 0 150
221 0 0 1378
221 0 0 1380
221 0 0 1377
221 0 0 57
221 0 0 287
221 0 0 236
221 0 0 1365
221 0 0 1379
221 0 0 453
221 0 0 454
221 0 0 456
221 0 0 1381
221 0 0 1360
221 0 0 1361
221 0 0 106
221 0 0 145
221 0 0 474
221 0 0 1177
222 0 0 395
222 0 0 414
222 0 0 1382
222 0 0 407
222 0 0 1387
222 0 0 1393
222 0 0 1392
222 0 0 1395
222 0 0 1394
222 0 0 1391
223 0 0 395
223 0 0 1382
223 0 0 1387
223 0 0 1393
223 0 0 1391
224 0 0 651
224 0 0 1308
224 0 0 1312
224 0 0 1311
224 0 0 1313
224 0 0 1314
224 0 0 1152
224 0 0 1269
224 0 0 1281
225 0 0 1374
225 0 0 1300
225 0 0 1299
225 0 0 35
225 0 0 288
225 0 0 1304
225 0 0 156
225 0 0 416
225 0 0 1372
225 0 0 1373
225 0 0 1376
225 0 0 220
225 0 0 1375
225 0 0 443
225 0 0 444
225 0 0 1119
225 0 0 1275
225 0 0 428
225 0 0 918
225 0 0 919
225 0 0 1057
225 0 0 1069
225 0 0 1070
225 0 0 1208
225 0 0 1183
